623533
194401
787565
733331
608936
125058
694497
452180
457495
637547
946679
162222
818966
312946
819605
516081
469131
601326
236381
297727
261776
902839
944649
796830
254796
952834
270196
923060
301220
428214
678440
903162
332464
381441
116848
886008
610232
672396
710464
472288
825255
175483
387920
240644
963121
666156
657809
456039
335877
767457
142012
175557
107893
760163
812893
796866
651707
259312
709349
137754
888054
959472
880552
896336
235102
377115
628725
251260
274724
409238
133512
361314
782241
974514
405518
835803
727908
364866
155008
254154
404609
621903
870626
234052
502924
192705
724982
760895
906335
149861
798393
678329
609021
278545
284408
431030
213472
326698
576349
612804
141208
736107
634273
659199
598152
878095
892015
445780
308262
821560
760831
463035
759648
918137
377855
154776
316743
989181
294921
158696
708155
573010
689978
279685
716526
671161
855811
396629
804312
355347
552984
560980
650697
401125
297949
388265
990484
924330
631316
917549
485130
627812
637430
932614
946282
361125
382141
184409
145079
295034
344326
542227
367721
938511
451672
222721
459979
511517
804943
853172
472695
772928
160343
501582
346636
342110
610052
225661
963252
703792
816171
751663
982520
434150
264798
137982
190580
549222
938264
896805
274981
597374
405841
386530
383929
988648
254827
268147
914152
500482
682811
942027
637754
392221
458289
565599
884957
667031
555119
136129
549178
863580
759529
874504
948090
464565
755023
606128
434217
458495
605937
815851
190190
183872
860418
741539
769041
555385
176102
196159
321389
727552
647566
400558
722626
415617
422746
843458
762180
364248
312518
324009
167126
484583
816265
370462
962034
175513
123693
581438
868780
971574
652512
768200
929565
860115
353337
983554
246260
360953
151764
877056
930000
896907
167765
330987
856877
625759
326570
548668
342267
706678
677817
683071
385478
110208
422110
784479
706937
991519
897690
585643
195668
222061
190285
439089
763074
257860
752611
227088
139467
540518
787824
179252
825695
260276
875076
693207
906834
764430
828286
995871
402863
357620
381651
621456
546616
333468
684340
870318
948201
919789
168676
519266
930247
305045
134993
183821
362600
633936
665748
101733
341767
661613
869847
959711
362033
537597
744173
300279
906318
594938
542101
681373
520908
342458
364559
432721
662830
298269
260270
300272
497584
203403
117348
893159
993909
970753
230857
493171
478405
370242
945637
577952
227635
575180
833374
863639
510298
875577
800173
155183
374298
931430
768189
688462
194485
497249
767760
563750
197082
528665
728471
737964
259942
575560
389893
502357
741556
955278
538226
196094
591584
937977
957995
185630
781292
960412
920851
180238
388079
639592
323440
876595
408350
208122
568127
554577
974174
898536
668315
867863
229539
111538
234316
698838
726218
558434
622485
610645
510016
770773
626533
382656
166588
823233
247839
529662
213869
378920
906280
943532
905704
728665
398174
271082
198405
348096
283418
143658
831238
256781
575779
462000
664700
152747
864426
490982
730467
449699
947744
696405
804893
443938
385544
624306
478403
553992
160553
340010
715124
967022
208029
326544
640303
558504
384990
328279
543416
507318
148211
127766
733200
703897
994586
510761
430449
774485
581949
260020
222469
528681
353788
616056
932311
470692
669520
794521
923909
956739
901594
633938
614623
552139
730139
406557
563912
369006
424306
730459
498178
329777
443804
370173
850977
159749
270881
318821
404876
637087
454278
644011
876379
854775
678589
235978
877572
537204
571238
618089
512810
796444
616001
149576
898734
763823
918060
847648
707114
647720
639173
764406
823075
944569
459261
932146
111854
131244
621511
866149
960206
321721
557828
999137
928768
739419
725097
161959
805521
168224
545232
765898
396952
860306
156136
474104
324106
242320
612052
546596
408572
719939
359494
525063
796647
122771
900917
104243
245108
630613
193160
958783
824387
746678
926994
477533
840528
439956
926631
532502
552106
553144
796522
687130
824346
449950
765083
636123
241251
973628
485242
854692
637888
103874
534450
974044
692419
680078
582908
153834
548176
277539
328822
465773
902555
779086
795041
560253
262900
883157
886372
132749
730399
230979
403189
762757
628846
340467
943942
620909
966866
231161
470242
972699
196725
230403
972392
959338
306464
250124
250024
970443
693428
227437
160311
522374
514476
395669
542800
661001
958901
200279
178085
996287
935434
651898
285531
198722
709688
610071
523011
254687
221021
526341
508050
658236
442868
791727
508239
875321
674250
501985
432665
699323
406377
464524
708287
338445
931741
376341
383326
826892
647534
680599
763530
856010
139114
448810
280914
188475
257057
310119
464174
319338
389110
308949
657753
527426
837610
145688
629169
991564
480177
786455
362309
533915
290448
338893
708086
412468
264363
155309
403879
811104
114512
330515
235812
666825
343531
172255
237309
585788
585442
901866
694068
461914
356209
178298
520568
959844
824132
533756
354883
894464
201076
283652
725534
958171
434520
377673
693315
727645
544132
435525
276599
234946
211169
303643
142001
962775
635110
465271
533124
954230
891695
780394
160709
893523
769389
462896
390975
242692
614388
486563
666179
244229
752699
177400
412147
765971
872841
149123
307910
104970
640673
865024
381150
530899
545720
387609
553855
928152
398598
430958
312226
974754
749477
883725
238264
733144
879440
439210
527114
908342
254081
912365
104453
587451
733971
755811
613493
894194
410826
163483
335833
844226
999136
720207
577001
943439
828341
836828
243545
210125
444780
665701
500832
482611
443412
882759
484662
710109
151850
382292
966272
386990
959311
783209
967061
320684
199142
889511
943291
711884
958587
202253
876483
282548
224092
419300
286707
494645
739226
573299
189668
843776
179619
467438
316620
487015
927898
383948
624986
825498
429774
672048
286225
827501
441024
352914
647275
889278
620127
334280
666113
421390
471052
265483
383863
876906
557520
335018
678786
352333
964399
196682
442692
612600
864434
615632
242473
198384
203550
102456
597079
263608
635964
907588
315943
857595
951136
303356
295858
968380
663823
499604
484509
417097
492873
581670
442303
347183
471379
629566
327503
665146
118921
157856
784496
515044
737464
302069
430875
639620
171118
113857
903403
779694
262705
622020
347794
528205
792104
497901
499360
855234
916727
434213
632102
200429
727380
215977
309117
142629
314080
933346
319030
922760
997538
297937
716460
929345
417994
100592
337736
281343
735426
117486
210961
112219
171186
152955
104697
546513
963238
396812
854184
526036
843852
317081
916979
566098
231748
407735
449809
931040
977930
172421
535363
612780
511539
288959
351174
784604
375440
810456
738208
773433
303618
483305
894167
535444
106046
468858
680888
732968
547518
388363
674621
710030
380732
989261
755843
716646
132099
327127
237535
171898
443405
888357
583096
609808
874953
938171
309225
829485
374337
803603
878686
236728
343238
725194
997517
768969
547291
420855
540524
288208
295057
299964
165980
765943
271145
712773
254055
262482
317823
168436
208407
905171
